
==================================
| IO Statistics                  |
|                                |
| Duration: 129.116451 secs      |
| Interval:   1 secs             |
|                                |
| Col 1: SUM(frame.len)frame.len |
|--------------------------------|
|            |1        |         |
| Interval   |   SUM   |         |
|----------------------|         |
|   0 <>   1 |   22225 |         |
|   1 <>   2 |  182985 |         |
|   2 <>   3 |   22346 |         |
|   3 <>   4 |  495893 |         |
|   4 <>   5 |  100765 |         |
|   5 <>   6 |   18971 |         |
|   6 <>   7 |   19128 |         |
|   7 <>   8 |   19861 |         |
|   8 <>   9 |   24089 |         |
|   9 <>  10 |   23681 |         |
|  10 <>  11 |  144838 |         |
|  11 <>  12 |   21165 |         |
|  12 <>  13 |  193115 |         |
|  13 <>  14 |  366685 |         |
|  14 <>  15 | 1483612 |         |
|  15 <>  16 | 1076855 |         |
|  16 <>  17 |   20048 |         |
|  17 <>  18 |   28370 |         |
|  18 <>  19 |   55515 |         |
|  19 <>  20 | 2612429 |         |
|  20 <>  21 | 1555448 |         |
|  21 <>  22 |   25337 |         |
|  22 <>  23 |  426913 |         |
|  23 <>  24 | 3285135 |         |
|  24 <>  25 | 1308287 |         |
|  25 <>  26 | 4989547 |         |
|  26 <>  27 |  141350 |         |
|  27 <>  28 | 2047896 |         |
|  28 <>  29 | 1165226 |         |
|  29 <>  30 |   47112 |         |
|  30 <>  31 |  572123 |         |
|  31 <>  32 | 2277340 |         |
|  32 <>  33 |  419700 |         |
|  33 <>  34 | 2449351 |         |
|  34 <>  35 | 2911633 |         |
|  35 <>  36 | 1161991 |         |
|  36 <>  37 |  338437 |         |
|  37 <>  38 |  415390 |         |
|  38 <>  39 |  624435 |         |
|  39 <>  40 |  392148 |         |
|  40 <>  41 |  145261 |         |
|  41 <>  42 |   57691 |         |
|  42 <>  43 |   25309 |         |
|  43 <>  44 |   22737 |         |
|  44 <>  45 |  245610 |         |
|  45 <>  46 |   21231 |         |
|  46 <>  47 |   20515 |         |
|  47 <>  48 |  118331 |         |
|  48 <>  49 | 1800054 |         |
|  49 <>  50 | 1466073 |         |
|  50 <>  51 |   21344 |         |
|  51 <>  52 |   26844 |         |
|  52 <>  53 |   19724 |         |
|  53 <>  54 |   23606 |         |
|  54 <>  55 |   26378 |         |
|  55 <>  56 |   24094 |         |
|  56 <>  57 |   23550 |         |
|  57 <>  58 |   19211 |         |
|  58 <>  59 |   24573 |         |
|  59 <>  60 |  343841 |         |
|  60 <>  61 |   20632 |         |
|  61 <>  62 |   21786 |         |
|  62 <>  63 |   21314 |         |
|  63 <>  64 |   19643 |         |
|  64 <>  65 | 1378846 |         |
|  65 <>  66 |   18995 |         |
|  66 <>  67 |  460416 |         |
|  67 <>  68 |   22780 |         |
|  68 <>  69 |   19543 |         |
|  69 <>  70 |   19383 |         |
|  70 <>  71 |   22469 |         |
|  71 <>  72 |   19666 |         |
|  72 <>  73 |   21652 |         |
|  73 <>  74 |   21199 |         |
|  74 <>  75 |   19171 |         |
|  75 <>  76 |   21763 |         |
|  76 <>  77 |   21343 |         |
|  77 <>  78 |   24216 |         |
|  78 <>  79 |   23173 |         |
|  79 <>  80 |  153851 |         |
|  80 <>  81 |   22018 |         |
|  81 <>  82 |   21964 |         |
|  82 <>  83 |   19139 |         |
|  83 <>  84 |   19115 |         |
|  84 <>  85 |   19667 |         |
|  85 <>  86 |   19121 |         |
|  86 <>  87 |   20450 |         |
|  87 <>  88 | 1571323 |         |
|  88 <>  89 |  464544 |         |
|  89 <>  90 |  863004 |         |
|  90 <>  91 |  458884 |         |
|  91 <>  92 |   19634 |         |
|  92 <>  93 |   21396 |         |
|  93 <>  94 |   19985 |         |
|  94 <>  95 |   23758 |         |
|  95 <>  96 |   19360 |         |
|  96 <>  97 |   21000 |         |
|  97 <>  98 |  118982 |         |
|  98 <>  99 |  336005 |         |
|  99 <> 100 |    3852 |         |
| 100 <> 101 |    2478 |         |
| 101 <> 102 |    4725 |         |
| 102 <> 103 |    5532 |         |
| 103 <> 104 |    2636 |         |
| 104 <> 105 |   59496 |         |
| 105 <> 106 |   17678 |         |
| 106 <> 107 |  561562 |         |
| 107 <> 108 | 1688523 |         |
| 108 <> 109 |     588 |         |
| 109 <> 110 |    2597 |         |
| 110 <> 111 |   35511 |         |
| 111 <> 112 |    3285 |         |
| 112 <> 113 |    5435 |         |
| 113 <> 114 |    1170 |         |
| 114 <> 115 |    3962 |         |
| 115 <> 116 |    3948 |         |
| 116 <> 117 |    7128 |         |
| 117 <> 118 |    2340 |         |
| 118 <> 119 |    7974 |         |
| 119 <> 120 |    1673 |         |
| 120 <> 121 |    2022 |         |
| 121 <> 122 | 1782595 |         |
| 122 <> 123 |  122138 |         |
| 123 <> 124 |   74007 |         |
| 124 <> 125 |  453711 |         |
| 125 <> 126 |  712526 |         |
| 126 <> 127 | 1428379 |         |
| 127 <> 128 |  706664 |         |
| 128 <> 129 | 4017100 |         |
| 129 <> Dur |  159512 |         |
==================================
